###EPOCH0###
[<tf.Variable 'dense_3/kernel:0' shape=(128, 128) dtype=float32, numpy=
array([[ 0.14558223,  0.03269214,  0.14800864, ...,  0.13167822,
        -0.10800008,  0.05529754],
       [-0.08089225,  0.04276622, -0.14663666, ..., -0.13719536,
         0.08382688,  0.1710792 ],
       [-0.06579012, -0.03606566, -0.00674055, ..., -0.05367849,
         0.04728183,  0.05332235],
       ...,
       [ 0.00248923, -0.07295173,  0.09199218, ..., -0.06201587,
        -0.08313889, -0.0203481 ],
       [ 0.0897374 , -0.11682366,  0.11995217, ..., -0.17018862,
        -0.02005302, -0.02834041],
       [ 0.03545452, -0.01705541,  0.09236973, ..., -0.08897617,
         0.07180132, -0.06346393]], dtype=float32)>, <tf.Variable 'dense_3/bias:0' shape=(128,) dtype=float32, numpy=
array([-1.8109743e-02, -2.9781308e-02, -5.0783803e-04, -3.0800173e-02,
       -7.3345699e-03,  3.0240912e-03,  3.7528921e-03, -5.0896858e-03,
        8.0198599e-03,  8.7923114e-04, -1.5570701e-02, -6.6151572e-03,
       -2.5622047e-02, -8.0143409e-03, -1.0603537e-02, -7.5407438e-03,
       -1.2935761e-02, -1.6414188e-02, -1.3070343e-03,  5.8837780e-03,
       -1.4165050e-02, -2.3182273e-02, -1.3768719e-02, -2.3512732e-02,
       -2.1814011e-02, -1.7254086e-03, -3.9302246e-03, -1.6817873e-02,
       -1.7403990e-02, -9.2187561e-03, -4.1062250e-03,  3.6534045e-02,
        8.3045773e-03,  8.0371462e-03, -3.9305589e-03, -2.7981447e-02,
       -3.2057106e-03, -1.0070628e-02, -1.3744848e-02,  2.7840253e-02,
        9.0271076e-03, -2.3930889e-02, -1.8041916e-02, -3.6415507e-03,
       -2.3442550e-02, -1.5689997e-02, -3.8850962e-03, -7.1128365e-03,
       -7.8239301e-03,  2.5617708e-02, -2.9208660e-03,  2.7619000e-04,
       -5.6654442e-04, -2.2749018e-02,  1.4864968e-03,  1.8783929e-03,
       -1.2227690e-02, -1.1599599e-02,  6.4625719e-04,  2.6755249e-02,
        9.2354957e-03, -8.9381862e-04, -3.5923568e-04,  1.5176361e-02,
        1.6374579e-02, -1.5024348e-02, -1.4860976e-03,  1.4119949e-02,
       -1.1891500e-02,  3.7140567e-02, -6.3079444e-04, -1.5142275e-02,
       -8.9078508e-03,  2.8031308e-02,  1.7505251e-02,  1.8171298e-03,
        7.1856979e-05, -2.0377985e-03, -2.0938620e-02, -4.4067637e-03,
       -2.6306749e-04, -2.4778582e-02,  4.9147788e-03, -1.7442467e-02,
       -3.4544267e-02,  3.4430172e-04, -5.6788768e-03, -9.3231928e-03,
       -2.5521470e-02, -1.9030061e-02, -1.0220082e-02, -9.7918548e-03,
       -7.9029929e-03,  2.2195987e-03, -1.6793072e-02, -5.8711725e-03,
        1.1614303e-02,  6.4753359e-03, -1.8121894e-02, -3.2465516e-03,
        4.6913670e-03, -1.0139325e-02,  1.5636524e-02, -5.0807889e-03,
       -3.4109782e-02,  4.7764577e-02, -1.7569414e-03, -2.0289179e-03,
       -2.3958810e-02, -2.4479858e-03,  2.3996758e-03,  1.0907333e-02,
        4.3453503e-02, -1.3903923e-03,  3.0776959e-02,  1.1962199e-02,
       -1.8347831e-02, -1.8787296e-02, -1.1049640e-02, -1.9751666e-02,
       -2.4856154e-02, -9.3378415e-03, -1.8982911e-02,  2.3903143e-02,
       -1.8812791e-02, -1.2535021e-02,  6.7664266e-02, -2.5644123e-03],
      dtype=float32)>]
###EPOCH1###
[<tf.Variable 'dense_3/kernel:0' shape=(128, 128) dtype=float32, numpy=
array([[ 0.1375319 ,  0.01554428,  0.15401924, ...,  0.1498325 ,
        -0.12179314,  0.05734313],
       [-0.07452135,  0.04875648, -0.14875291, ..., -0.13255216,
         0.06935447,  0.17670244],
       [-0.08901746, -0.03855938, -0.03488626, ..., -0.05435362,
         0.06937518,  0.06237242],
       ...,
       [-0.02688776, -0.07539635,  0.08010793, ..., -0.07476753,
        -0.06736724, -0.02215556],
       [ 0.03129507, -0.09904608,  0.07720419, ..., -0.18362819,
         0.02926693, -0.02992206],
       [ 0.0064007 , -0.01687806,  0.0726328 , ..., -0.09358049,
         0.05608737, -0.06611439]], dtype=float32)>, <tf.Variable 'dense_3/bias:0' shape=(128,) dtype=float32, numpy=
array([-0.02999756, -0.02675659, -0.03589987, -0.01975934, -0.03319098,
        0.02680821,  0.01513818, -0.01222427,  0.05978531, -0.00533179,
       -0.01931033, -0.02008984, -0.03293782, -0.00532802,  0.00085016,
       -0.00838687, -0.00949246,  0.00662256, -0.01366856,  0.02039983,
       -0.00400617, -0.00636188,  0.00154428, -0.00941245, -0.03589847,
       -0.00659182, -0.01468275, -0.03316673, -0.03338373, -0.00303595,
       -0.00438506,  0.05839899,  0.0062609 , -0.0087734 ,  0.00762015,
       -0.01765302, -0.01751414, -0.00661534, -0.01623214,  0.054511  ,
       -0.00020722, -0.03004601, -0.03107973, -0.02626922, -0.03146792,
        0.0071504 , -0.01082869,  0.01289594, -0.02613991,  0.04560675,
       -0.02135037, -0.01338032,  0.0049852 , -0.02269231,  0.01242398,
        0.00193973, -0.0146737 , -0.01996637, -0.00770923,  0.0395878 ,
        0.0228305 ,  0.02147777,  0.02742228,  0.02437459,  0.02965457,
       -0.01266925,  0.00407545,  0.02098768, -0.02488935,  0.0339971 ,
       -0.01876959, -0.01617575, -0.00518705,  0.04054126,  0.02376256,
       -0.03330271, -0.01262091, -0.00730513, -0.03228192, -0.01632349,
       -0.00617001, -0.02859642,  0.01848124, -0.01773659, -0.0345862 ,
       -0.0030594 ,  0.00436691,  0.03102836, -0.01636269, -0.03176654,
       -0.00274765,  0.00499645, -0.00095277, -0.00794312, -0.03568445,
       -0.00592736,  0.03381107, -0.01580117, -0.01081199, -0.03168856,
        0.00360655, -0.02681377,  0.06867123, -0.0165671 , -0.04143708,
        0.07439265,  0.00656235,  0.02935607, -0.01251685, -0.00588414,
       -0.01245576, -0.00865651,  0.05328372, -0.004352  ,  0.08439843,
        0.02689845, -0.01044703, -0.04651977, -0.02333424, -0.00287584,
       -0.04796338, -0.01476455, -0.03060405,  0.02220707, -0.0341831 ,
       -0.0114982 ,  0.10263775, -0.00151958], dtype=float32)>]
###EPOCH2###
[<tf.Variable 'dense_3/kernel:0' shape=(128, 128) dtype=float32, numpy=
array([[ 0.13435817, -0.00886079,  0.16786025, ...,  0.15867105,
        -0.13511902,  0.08839666],
       [-0.06170757,  0.08451667, -0.16327454, ..., -0.12191829,
         0.07961215,  0.18717587],
       [-0.11073456, -0.0351857 , -0.04163947, ..., -0.0541804 ,
         0.07492308,  0.06828024],
       ...,
       [-0.03189226, -0.06106936,  0.07216676, ..., -0.05975138,
        -0.08417742, -0.0224024 ],
       [ 0.04551322, -0.11231302,  0.0905126 , ..., -0.18249245,
         0.04760385, -0.01742057],
       [-0.01525916, -0.01507141,  0.08264449, ..., -0.0624975 ,
         0.04789167, -0.05185259]], dtype=float32)>, <tf.Variable 'dense_3/bias:0' shape=(128,) dtype=float32, numpy=
array([-0.02718335,  0.01082099, -0.01759897, -0.02477313, -0.04199601,
        0.02676508,  0.04304144, -0.04480966,  0.05112391, -0.00390972,
       -0.02342746, -0.01443113, -0.04243812, -0.02791268, -0.01258655,
        0.00252689, -0.0301145 ,  0.01053094, -0.02122928,  0.01615229,
        0.00950399, -0.01372703, -0.00772395,  0.00242537, -0.05287044,
       -0.01221188,  0.00021505, -0.03500136, -0.0430605 , -0.00828675,
       -0.00606871,  0.06942666,  0.01382254,  0.01322551,  0.00441143,
       -0.013855  , -0.01700646, -0.02129831,  0.00935175,  0.06898113,
        0.01232593, -0.03872054, -0.030328  , -0.03326993, -0.01053451,
       -0.00196299, -0.02278738,  0.02435968, -0.01445339,  0.04829697,
       -0.03038245,  0.00085723, -0.01791425, -0.02376665,  0.01453014,
        0.0022119 , -0.00356758, -0.02516515,  0.00989506,  0.02784455,
        0.00268653,  0.03660837,  0.05419627, -0.00312925,  0.02666955,
        0.01492809, -0.01306437, -0.0015992 , -0.0157016 ,  0.04135015,
       -0.00218853, -0.0414881 , -0.00386734,  0.03897738,  0.02313327,
       -0.03353012, -0.02887133, -0.0009037 , -0.04368891, -0.02118007,
       -0.00015846, -0.02596517,  0.01750174, -0.00604479, -0.01496504,
       -0.02068781, -0.0088271 ,  0.04763439, -0.03470677, -0.04278744,
        0.00435726,  0.00297693,  0.00642566, -0.01021913, -0.06432161,
       -0.00723949,  0.04897854, -0.0213454 ,  0.00093154, -0.03903227,
       -0.009162  , -0.04130977,  0.08858424, -0.01063769, -0.05219805,
        0.09919737,  0.01771839,  0.0304112 , -0.00121955, -0.00481165,
       -0.02241305, -0.01312801,  0.05144678, -0.00495477,  0.10189411,
        0.04832947, -0.00855745, -0.04464549, -0.03232739, -0.01532007,
       -0.06230491, -0.00149632, -0.03761828,  0.04063795, -0.02351984,
       -0.01157147,  0.09893487, -0.02481617], dtype=float32)>]
###EPOCH3###
[<tf.Variable 'dense_3/kernel:0' shape=(128, 128) dtype=float32, numpy=
array([[ 0.12892574, -0.03978068,  0.14991353, ...,  0.15759023,
        -0.12650436,  0.10527796],
       [-0.06914602,  0.09260044, -0.16820315, ..., -0.12648758,
         0.04894795,  0.1815249 ],
       [-0.10690138, -0.06640435, -0.05846526, ..., -0.07635739,
         0.07757497,  0.07412399],
       ...,
       [-0.02679175, -0.1096396 ,  0.07838858, ..., -0.07634178,
        -0.08915255, -0.02740524],
       [ 0.05148624, -0.09309226,  0.10312641, ..., -0.17949975,
         0.04474491, -0.00334424],
       [-0.01048817, -0.02408187,  0.09309543, ..., -0.05467531,
         0.05769677, -0.05205205]], dtype=float32)>, <tf.Variable 'dense_3/bias:0' shape=(128,) dtype=float32, numpy=
array([-1.4818700e-02, -1.7620128e-02, -1.3019988e-02, -2.3878204e-02,
       -4.6705775e-02,  4.0204935e-02,  2.9983040e-02, -4.5061454e-02,
        4.5760222e-02, -9.0038963e-03, -3.0156566e-02,  2.5719986e-05,
       -5.4310329e-02, -1.8394044e-02,  2.0235984e-03, -2.1396906e-03,
       -2.7060455e-02,  2.8939215e-02, -2.9618340e-02,  3.6259741e-03,
        4.4088889e-02, -1.6243290e-02, -9.1374880e-03, -4.8024193e-03,
       -4.6204429e-02, -1.2116352e-02, -1.3377335e-02, -4.3845233e-02,
       -1.5320226e-02, -1.6403507e-02, -1.4446041e-02,  7.4839279e-02,
        4.1745011e-02,  2.0077793e-02,  8.7503204e-03, -2.5404911e-02,
       -2.3931514e-02, -1.4736436e-02,  2.2179252e-03,  6.2843092e-02,
       -6.9167912e-03, -4.8194263e-02, -2.8387818e-02, -4.3375857e-02,
       -2.9811393e-02,  2.7128861e-03, -1.8681929e-02,  4.4245932e-02,
       -2.0261843e-02,  5.3538565e-02, -3.4408338e-02,  4.3577625e-04,
       -1.9131554e-02, -1.7099798e-02, -2.0584874e-03, -1.1738011e-02,
       -2.4465086e-02, -3.9174702e-02,  1.4045151e-02,  2.4532104e-02,
        7.0014577e-03,  1.9980628e-02,  8.3918266e-02,  6.9465293e-03,
        1.0944573e-02,  3.6058769e-02, -9.7421752e-03, -1.3466374e-02,
       -7.3426198e-03,  1.8311413e-02, -8.9406120e-03, -5.0473277e-02,
       -6.5033552e-03,  5.4576356e-02,  2.6524523e-02, -4.7449693e-02,
       -4.1661076e-02, -2.2153035e-02, -4.8472244e-02, -3.7532773e-02,
        2.0591028e-02, -3.1069642e-02,  1.8401122e-02, -9.4245244e-03,
       -1.4789021e-02, -9.7251218e-03, -3.0763756e-04,  1.5936093e-02,
       -2.8959986e-02, -4.9388457e-02,  6.3962429e-03, -1.2612626e-02,
        8.5554989e-03, -2.5213050e-02, -6.0476042e-02, -1.5862294e-03,
        6.2466756e-02, -1.2637857e-02,  1.1869408e-02, -4.4931438e-02,
        7.8552300e-03, -4.0559188e-02,  8.0155961e-02, -1.2468866e-02,
       -7.1072564e-02,  9.0057559e-02, -2.5486948e-03,  2.5800144e-02,
       -7.2738635e-03, -1.4688786e-02, -3.0836051e-02, -9.2571303e-03,
        6.0787581e-02, -1.1956996e-02,  9.8743670e-02,  5.1832318e-02,
       -1.3379237e-02, -4.8751134e-02, -8.8349143e-03, -1.6767886e-02,
       -6.0357280e-02,  1.7467387e-02, -4.1881274e-02,  2.9373700e-02,
       -4.8190341e-03, -1.9623488e-02,  9.9325389e-02, -2.7541498e-02],
      dtype=float32)>]
###EPOCH4###
[<tf.Variable 'dense_3/kernel:0' shape=(128, 128) dtype=float32, numpy=
array([[ 0.13751456, -0.04165019,  0.1675142 , ...,  0.15341654,
        -0.14735675,  0.097675  ],
       [-0.05974839,  0.08533983, -0.18286283, ..., -0.08112396,
         0.03732155,  0.1671312 ],
       [-0.09404428, -0.06417307, -0.06200365, ..., -0.07392573,
         0.07421348,  0.07696548],
       ...,
       [-0.03002677, -0.11799208,  0.07415701, ..., -0.09664306,
        -0.08455188, -0.02109015],
       [ 0.06813695, -0.0848621 ,  0.1008063 , ..., -0.16577417,
         0.03605384,  0.00958914],
       [-0.00919839, -0.01505391,  0.1020324 , ..., -0.06134504,
         0.06196856, -0.04629496]], dtype=float32)>, <tf.Variable 'dense_3/bias:0' shape=(128,) dtype=float32, numpy=
array([-3.01798955e-02, -1.62781533e-02, -1.97660550e-02, -2.36120410e-02,
       -2.84771472e-02,  2.84101181e-02,  4.27411348e-02, -5.98189756e-02,
        4.96479496e-02, -3.28266388e-03, -3.78351808e-02, -1.33084608e-02,
       -5.79535104e-02, -1.33577427e-02, -2.03433651e-02, -5.88613504e-04,
       -4.08787513e-03,  4.05960493e-02, -3.38759534e-02,  6.52503921e-03,
        5.49432263e-02,  2.46747164e-03, -1.34339335e-03,  1.79150738e-02,
       -5.34767061e-02, -8.60180520e-03, -2.38039643e-02, -6.21197931e-02,
        1.46348393e-05, -3.79935987e-02, -3.21597345e-02,  8.91435891e-02,
        3.66462767e-02,  1.21877985e-02,  4.25881101e-03, -2.24703085e-02,
       -3.17313820e-02, -1.93027314e-02,  2.33323895e-03,  5.80020323e-02,
       -4.20738151e-03, -4.47899029e-02, -5.14637213e-03, -4.82916795e-02,
       -2.50714459e-02, -1.09279831e-03, -1.16717098e-02,  3.49574462e-02,
       -1.49253872e-04,  6.09382689e-02, -4.45111245e-02, -8.33863567e-04,
       -2.42983866e-02, -1.49271572e-02, -4.45707142e-03, -1.56179005e-02,
        9.76821873e-03, -6.40394464e-02,  1.19742844e-02,  1.28676966e-02,
       -1.31752845e-02,  1.36158167e-04,  9.27041247e-02,  2.45006606e-02,
       -9.92440712e-03,  3.78089175e-02, -1.75652634e-02, -5.73277706e-03,
       -5.58275590e-03,  2.92885676e-02, -1.68018490e-02, -2.44442727e-02,
       -1.09164501e-02,  3.14074196e-02,  3.30099463e-02, -6.16682693e-02,
       -5.27585968e-02, -2.02358626e-02, -3.83543074e-02, -3.00196931e-02,
        1.14125255e-02, -3.40996347e-02,  1.34046338e-02,  1.50871864e-02,
       -7.49743730e-03, -1.23159424e-03,  3.77755321e-04,  7.60819390e-03,
       -3.40263136e-02, -6.39093742e-02,  8.98052007e-03,  2.38759164e-03,
        1.31698791e-02, -2.59596445e-02, -6.45950660e-02, -1.30605362e-02,
        5.91041967e-02, -2.41678990e-02, -2.00487114e-03, -3.17839645e-02,
       -1.68281272e-02, -3.70856822e-02,  6.37362376e-02, -1.59283280e-02,
       -7.25151077e-02,  9.75525454e-02, -1.52516300e-02,  3.68845649e-02,
       -7.58344773e-03, -4.08606837e-03, -3.79879139e-02, -3.00093251e-03,
        6.55256659e-02, -1.80046204e-02,  9.69631448e-02,  6.24763630e-02,
        1.04181785e-02, -4.79202010e-02, -9.30171576e-04, -2.15200707e-02,
       -6.01581857e-02,  2.51601869e-03, -3.38874832e-02,  2.37174183e-02,
        1.28833181e-03, -8.77320208e-03,  8.25244859e-02,  2.73649860e-03],
      dtype=float32)>]
###EPOCH5###
[<tf.Variable 'dense_3/kernel:0' shape=(128, 128) dtype=float32, numpy=
array([[ 0.1358094 , -0.02231688,  0.17890486, ...,  0.15700303,
        -0.1506223 ,  0.07517191],
       [-0.05972739,  0.07234418, -0.18925898, ..., -0.06294168,
         0.02906566,  0.2196925 ],
       [-0.09697433, -0.06749373, -0.06648342, ..., -0.07822016,
         0.080427  ,  0.10315904],
       ...,
       [-0.04235404, -0.11327002,  0.08175487, ..., -0.08911811,
        -0.07636277,  0.03859612],
       [ 0.06270985, -0.07034202,  0.10776334, ..., -0.15258028,
         0.03670328,  0.00113392],
       [-0.00994307,  0.00271386,  0.1038874 , ..., -0.04569855,
         0.06322331, -0.01491189]], dtype=float32)>, <tf.Variable 'dense_3/bias:0' shape=(128,) dtype=float32, numpy=
array([-0.03589051,  0.00277565, -0.0100295 , -0.01526589, -0.03480635,
        0.04245542,  0.04193781, -0.05830842,  0.0418792 ,  0.01881997,
       -0.03785116, -0.01635323, -0.05636404, -0.02545739, -0.01867321,
        0.00680101, -0.00451918,  0.02993298, -0.04427485, -0.00257442,
        0.04902522,  0.01215853,  0.00211763,  0.00961967, -0.05984064,
        0.02740445, -0.02224984, -0.0638675 , -0.00551308, -0.04243345,
       -0.02713061,  0.09330169,  0.03132799, -0.00458922, -0.00114197,
       -0.01172062, -0.03322629, -0.01941057,  0.00429808,  0.05065317,
       -0.00371793, -0.05644834, -0.01876723, -0.06234606, -0.03011831,
       -0.0039099 , -0.01023789,  0.05667404,  0.00207141,  0.04937514,
       -0.04083017,  0.00031202,  0.00114988, -0.02308407, -0.01210381,
       -0.02089236,  0.00694121, -0.05995758,  0.02436044,  0.00770861,
       -0.01835536,  0.00016912,  0.06886239,  0.03625121, -0.01375444,
        0.05024685, -0.00253172, -0.00533066, -0.01068401,  0.01281495,
       -0.0177238 , -0.02574262, -0.0288616 ,  0.02765273,  0.01781756,
       -0.06626841, -0.04973368, -0.01641313, -0.01836975, -0.02547467,
       -0.0020991 , -0.02635193,  0.02686124, -0.00369407,  0.01608721,
       -0.0051582 , -0.01274495,  0.00814707, -0.03722251, -0.06472126,
        0.00430549, -0.00492373,  0.01400577, -0.0331224 , -0.06978066,
       -0.01402162,  0.05217325, -0.01075984, -0.00362434, -0.01031285,
       -0.01604097, -0.03926181,  0.06101352, -0.00480709, -0.07352918,
        0.08969584, -0.01642818,  0.05492908, -0.00500628, -0.00081377,
       -0.05681108,  0.01767725,  0.07812656,  0.00604976,  0.10615438,
        0.05486742,  0.01255557, -0.05815528, -0.01302927, -0.0418896 ,
       -0.06249423,  0.01487738, -0.00764007,  0.03339742, -0.00700987,
       -0.01092771,  0.08270079,  0.06077741], dtype=float32)>]
###EPOCH6###
[<tf.Variable 'dense_3/kernel:0' shape=(128, 128) dtype=float32, numpy=
array([[ 0.1581032 ,  0.01473662,  0.1813994 , ...,  0.16730843,
        -0.1685924 ,  0.07078761],
       [-0.05556882,  0.08265324, -0.19948713, ..., -0.0491765 ,
         0.01940635,  0.23747298],
       [-0.09364501, -0.09224719, -0.06434307, ..., -0.06656901,
         0.07243969,  0.0775957 ],
       ...,
       [-0.04018525, -0.10057308,  0.07910192, ..., -0.08182701,
        -0.11216138,  0.02069706],
       [ 0.07124733, -0.084164  ,  0.10271141, ..., -0.14826474,
         0.0196092 , -0.00416953],
       [-0.01467557, -0.02926062,  0.0883943 , ..., -0.06586593,
         0.04568925, -0.00260359]], dtype=float32)>, <tf.Variable 'dense_3/bias:0' shape=(128,) dtype=float32, numpy=
array([-0.02162579,  0.00980239, -0.01293326, -0.00812623, -0.03981615,
        0.04328693,  0.05111354, -0.07434288,  0.05066512,  0.02933857,
       -0.03458158, -0.03195808, -0.05040408, -0.00682882, -0.03812488,
       -0.0095017 , -0.01699253,  0.0574636 , -0.03518669,  0.0021643 ,
        0.06421246,  0.00720299,  0.00024277,  0.01119245, -0.05966394,
        0.01493219, -0.00746584, -0.05987625, -0.02493826, -0.04156151,
       -0.02037847,  0.08897337,  0.01791353,  0.006222  , -0.00886622,
       -0.02090706, -0.03527758, -0.0165633 , -0.00442539,  0.03629726,
       -0.00918556, -0.05508061, -0.02526563, -0.05638666, -0.01012073,
       -0.00076692, -0.00833695,  0.05485264, -0.01376566,  0.06683904,
       -0.04384589, -0.01132108,  0.04842401, -0.00765907, -0.00616567,
       -0.02415982, -0.00188805, -0.06064266,  0.03917333, -0.01441515,
       -0.01496551,  0.00999878,  0.0499483 ,  0.03485984, -0.0114819 ,
        0.04667725, -0.01179537, -0.02072482, -0.00851883,  0.02087744,
       -0.0162956 , -0.01682906, -0.02647932,  0.03359343,  0.0195992 ,
       -0.05327393, -0.0480679 , -0.01015213, -0.00894321, -0.00522686,
       -0.00052947, -0.018424  ,  0.03220283, -0.01154036, -0.00174168,
       -0.00605664, -0.0171908 ,  0.01325805, -0.03651369, -0.05600781,
       -0.00035327,  0.01400877,  0.0240689 , -0.02864527, -0.06984358,
        0.01534631,  0.06467429, -0.0053813 ,  0.01113344, -0.03200899,
       -0.00467535, -0.05016556,  0.06651089,  0.00059737, -0.07322084,
        0.09391281, -0.02776889,  0.04952847, -0.00488476,  0.00217175,
       -0.05521385,  0.01878774,  0.09400828, -0.00055439,  0.12431613,
        0.05235871, -0.01191825, -0.0660146 , -0.02559784, -0.03340103,
       -0.07657163, -0.00095853, -0.00292625,  0.02346096,  0.00762233,
       -0.02291009,  0.06545408,  0.04801969], dtype=float32)>]
###EPOCH7###
[<tf.Variable 'dense_3/kernel:0' shape=(128, 128) dtype=float32, numpy=
array([[ 0.15188351,  0.01722606,  0.18102524, ...,  0.19545606,
        -0.16264914,  0.0892792 ],
       [-0.06621213,  0.08371826, -0.19467235, ..., -0.0401095 ,
         0.0057514 ,  0.23620181],
       [-0.11230703, -0.07233585, -0.08042377, ..., -0.06879793,
         0.06905406,  0.06699173],
       ...,
       [-0.04636674, -0.13785812,  0.05862113, ..., -0.06160568,
        -0.11091079,  0.02838631],
       [ 0.06857184, -0.11167212,  0.10667967, ..., -0.14916986,
        -0.00449029, -0.01159109],
       [-0.02798075, -0.01873953,  0.09898186, ..., -0.0563878 ,
         0.03423701, -0.01598267]], dtype=float32)>, <tf.Variable 'dense_3/bias:0' shape=(128,) dtype=float32, numpy=
array([-3.54112163e-02,  6.41355803e-03, -1.30517995e-02,  2.16842466e-03,
       -3.67785506e-02,  3.76108214e-02,  3.37118767e-02, -8.54329169e-02,
        4.58866842e-02,  3.86731476e-02, -4.25343849e-02, -3.15404795e-02,
       -5.68992868e-02, -2.22215801e-02, -4.96348441e-02, -6.24227477e-03,
        6.07172586e-03,  5.17854169e-02, -3.46639194e-02,  1.39537011e-03,
        5.37349507e-02,  7.89283961e-03,  2.44964729e-03,  3.55263543e-03,
       -7.74787962e-02,  5.47178043e-03, -1.02664195e-02, -6.14967532e-02,
       -2.67854147e-02, -3.08256410e-02, -3.78442891e-02,  8.12269375e-02,
        2.14816462e-02,  1.13596311e-02, -1.63476784e-02, -1.48959563e-03,
       -7.92180561e-03, -3.04640923e-02, -3.91199207e-03,  4.32595871e-02,
       -1.60315391e-02, -6.27047196e-02, -2.22888961e-03, -6.20202571e-02,
       -1.86533555e-02, -6.84886100e-03, -1.86138805e-02,  6.52809963e-02,
       -3.20982337e-02,  9.27274004e-02, -3.77982408e-02, -1.43025005e-02,
        5.41241840e-02, -1.77042186e-02, -1.44705167e-02, -2.87754294e-02,
       -1.65405478e-02, -7.14126453e-02,  3.50154042e-02, -9.57448781e-03,
       -8.50534718e-03, -7.10851792e-03,  4.69243377e-02,  3.87929343e-02,
       -1.54347243e-02,  4.65054885e-02, -1.57905277e-02, -3.45126316e-02,
        2.15507741e-03,  1.78804006e-02, -3.14599201e-02, -2.59812679e-02,
       -2.63325479e-02,  2.56244726e-02,  2.87397150e-02, -4.78731804e-02,
       -4.70314100e-02, -2.01439187e-02, -6.73798611e-03, -8.96604452e-03,
        1.38674944e-03, -2.98618525e-02,  1.57321729e-02,  4.47581813e-04,
       -6.54910738e-03,  6.24586968e-03, -2.78653204e-03,  1.49997585e-02,
       -4.59910259e-02, -7.46061578e-02,  1.71914361e-02,  1.62907057e-02,
        3.50005925e-02, -1.74427107e-02, -7.31112510e-02,  8.83219036e-05,
        6.09790161e-02, -1.53577290e-02,  1.76651198e-02, -3.00409738e-02,
       -2.08282657e-03, -6.03610165e-02,  5.28549552e-02, -4.82131261e-03,
       -7.15606064e-02,  1.04784846e-01, -1.89669617e-02,  6.56332597e-02,
       -1.40693448e-02,  1.93216186e-02, -5.78711815e-02,  1.30509790e-02,
        1.00855239e-01, -8.08670768e-04,  1.16284810e-01,  8.00151005e-02,
        2.87647708e-03, -6.57884479e-02, -1.56368725e-02, -2.81783752e-02,
       -7.61653632e-02,  8.23121052e-03,  8.13629199e-03,  1.59668699e-02,
        8.69963691e-03, -2.81797945e-02,  7.83011317e-02,  5.59633821e-02],
      dtype=float32)>]
###EPOCH8###
[<tf.Variable 'dense_3/kernel:0' shape=(128, 128) dtype=float32, numpy=
array([[ 0.17362827,  0.04979356,  0.20096016, ...,  0.20258684,
        -0.16798665,  0.13046195],
       [-0.06035437,  0.10059803, -0.17716111, ..., -0.05344902,
         0.00080782,  0.22716825],
       [-0.11625683, -0.07174147, -0.08578818, ..., -0.08151223,
         0.07186869,  0.04565642],
       ...,
       [-0.0579565 , -0.12502146,  0.04854551, ..., -0.07571006,
        -0.11134493,  0.03045576],
       [ 0.07092854, -0.08663218,  0.10295887, ..., -0.15763438,
        -0.00785608, -0.01292391],
       [-0.03357909, -0.00735511,  0.07829711, ..., -0.04956704,
         0.03034236, -0.02329129]], dtype=float32)>, <tf.Variable 'dense_3/bias:0' shape=(128,) dtype=float32, numpy=
array([-0.04840687,  0.00538019, -0.00386987, -0.00890168, -0.04951147,
        0.03526227,  0.03706868, -0.09491521,  0.02673106,  0.0303823 ,
       -0.03529982, -0.02264402, -0.04835596, -0.01801031, -0.05114573,
       -0.01703296,  0.0015508 ,  0.04298317, -0.03061415, -0.00489797,
        0.07414486, -0.00421582,  0.00025898, -0.0055135 , -0.07619692,
        0.02585234, -0.01842353, -0.05774811,  0.00402821, -0.02660206,
       -0.04600034,  0.10031477,  0.03075618,  0.00765201, -0.02524951,
        0.00338723, -0.00699366, -0.02943097,  0.00202683,  0.06235966,
       -0.00210883, -0.07608977, -0.0098997 , -0.04395355, -0.02175773,
       -0.00248369, -0.02532087,  0.05206327, -0.03565202,  0.1089929 ,
       -0.04821988, -0.01261932,  0.04340732, -0.02151706,  0.00479006,
       -0.00584804, -0.01902461, -0.04647188,  0.02939509, -0.00085711,
        0.02403579,  0.02443659,  0.05641267,  0.05462307, -0.02588422,
        0.04458624, -0.02467461, -0.04031337,  0.00361705,  0.0226739 ,
       -0.0310657 , -0.01582929, -0.0067635 ,  0.01171251,  0.01968224,
       -0.05989736, -0.05415985, -0.01154823, -0.00958611, -0.02084161,
       -0.00270941, -0.02802096,  0.02165927,  0.01310227, -0.00448998,
       -0.00110097, -0.01354158, -0.00160066, -0.04120439, -0.07938895,
        0.00330202,  0.01237158,  0.04092778, -0.02337718, -0.08914833,
        0.00507403,  0.06171206, -0.02279455,  0.01178823, -0.04735526,
        0.02479182, -0.05656606,  0.0359674 , -0.00261128, -0.07154402,
        0.11391792, -0.02279033,  0.06748415, -0.00811331,  0.01285093,
       -0.04283828,  0.03134738,  0.09149023, -0.01703229,  0.13584697,
        0.07850765, -0.0031133 , -0.06580292, -0.00738569, -0.01141634,
       -0.08455842,  0.02818076, -0.00121179,  0.01031494, -0.00775729,
       -0.03692813,  0.07141193,  0.04794508], dtype=float32)>]
###EPOCH9###
[<tf.Variable 'dense_3/kernel:0' shape=(128, 128) dtype=float32, numpy=
array([[ 0.1739659 ,  0.07051194,  0.19397077, ...,  0.1895103 ,
        -0.16507435,  0.12750745],
       [-0.06390615,  0.10382906, -0.16682987, ..., -0.0480455 ,
        -0.00527291,  0.23600903],
       [-0.09697702, -0.08177853, -0.08606242, ..., -0.09871463,
         0.06682251,  0.04661384],
       ...,
       [-0.05604516, -0.11790504,  0.05530382, ..., -0.06831328,
        -0.12990227,  0.04022363],
       [ 0.06399733, -0.08294411,  0.08513436, ..., -0.15484618,
        -0.00982192, -0.01818134],
       [-0.0349036 , -0.01739585,  0.06993223, ..., -0.03191291,
         0.01845667, -0.0182218 ]], dtype=float32)>, <tf.Variable 'dense_3/bias:0' shape=(128,) dtype=float32, numpy=
array([-5.01997583e-02, -6.47392124e-03, -4.48830891e-03,  5.81467850e-03,
       -4.97631803e-02,  3.92966233e-02,  2.57617347e-02, -6.21178299e-02,
        3.35716791e-02,  3.01286913e-02, -3.50129306e-02, -5.57398051e-03,
       -4.45655249e-02, -3.29702906e-02, -6.35438040e-02, -2.91870348e-02,
       -1.25418967e-02,  3.66902351e-02, -1.79262105e-02,  9.80529096e-03,
        7.67751858e-02, -2.57830275e-03, -1.37470970e-02,  2.69969198e-04,
       -6.79789782e-02,  1.65794604e-02, -2.23781448e-03, -6.66989312e-02,
       -6.98140170e-03, -3.71369533e-02, -5.24152070e-02,  8.53322148e-02,
        4.02004868e-02,  1.54515887e-02, -2.04239469e-02,  5.35146974e-05,
        6.50935946e-03, -3.57406139e-02, -2.62882328e-03,  6.01519048e-02,
       -6.50962070e-03, -7.20542297e-02, -3.13175172e-02, -7.26573467e-02,
       -3.22916023e-02,  1.05522689e-03, -1.53333843e-02,  4.80977483e-02,
       -3.09303552e-02,  9.87125188e-02, -4.35415693e-02, -7.67246727e-03,
        7.97255710e-02, -2.97645945e-02, -7.11723987e-04, -1.40594821e-02,
       -1.95784196e-02, -5.54685928e-02,  2.07655430e-02, -4.59330110e-03,
        6.82255160e-03,  3.97156514e-02,  4.05536853e-02,  6.29181340e-02,
       -1.41137131e-02,  4.41535935e-02, -1.91494301e-02, -3.46497931e-02,
       -7.61320023e-03,  1.63085163e-02, -1.57108102e-02, -3.61711904e-02,
       -1.50649454e-02,  1.58375651e-02,  1.31717315e-02, -5.02599329e-02,
       -5.54226637e-02,  1.26462267e-03, -2.35369317e-02, -1.97745990e-02,
        8.99281120e-04, -1.62877571e-02,  4.94700000e-02,  1.09347375e-02,
       -1.76814776e-02, -5.41515881e-03, -1.07028661e-03,  5.57638612e-03,
       -6.30764812e-02, -8.02937225e-02,  4.17349953e-03, -1.19109480e-02,
        7.05339015e-02, -3.11755501e-02, -1.00135133e-01,  1.45472493e-03,
        5.24439290e-02, -1.29785603e-02, -2.27150917e-02, -4.33049873e-02,
        1.92523729e-02, -7.65216425e-02,  3.06956116e-02, -8.56751390e-03,
       -8.30062330e-02,  1.05323017e-01, -2.54151803e-02,  7.39196390e-02,
       -5.47357369e-03,  2.06268374e-02, -5.61237782e-02,  3.80665176e-02,
        9.40210149e-02, -2.51888428e-02,  1.37270615e-01,  9.10903662e-02,
       -5.90051105e-03, -6.78244606e-02, -4.48791822e-03, -1.78432893e-02,
       -8.05927739e-02,  6.69088215e-03, -9.70938336e-03,  5.99597767e-03,
        1.00080743e-02, -4.42531109e-02,  5.92011660e-02,  2.67666616e-02],
      dtype=float32)>]
###EPOCH10###
[<tf.Variable 'dense_3/kernel:0' shape=(128, 128) dtype=float32, numpy=
array([[ 0.17638433,  0.0639426 ,  0.18644716, ...,  0.1935436 ,
        -0.16571054,  0.12757775],
       [-0.06448153,  0.09760008, -0.16276632, ..., -0.06009717,
         0.00455504,  0.2339802 ],
       [-0.10377628, -0.06373277, -0.08500325, ..., -0.10581186,
         0.05894261,  0.03982899],
       ...,
       [-0.07146098, -0.12582251,  0.05381778, ..., -0.05388445,
        -0.13163427,  0.05935037],
       [ 0.06976124, -0.1050438 ,  0.07528631, ..., -0.12462911,
        -0.03807722, -0.00789126],
       [-0.03195968, -0.03007702,  0.07090539, ..., -0.02975679,
        -0.01994039,  0.01205098]], dtype=float32)>, <tf.Variable 'dense_3/bias:0' shape=(128,) dtype=float32, numpy=
array([-0.04849152,  0.00839817, -0.00535075,  0.01383166, -0.01533969,
        0.06002386,  0.02143822, -0.08681137,  0.03243946,  0.03251212,
       -0.04981713, -0.00547699, -0.03860229, -0.04113879, -0.06486562,
       -0.04004159, -0.03124036,  0.05052292, -0.03040666,  0.00193128,
        0.08201645, -0.00783063, -0.02314817, -0.00150964, -0.0578839 ,
        0.00518551,  0.01211688, -0.0750223 ,  0.00185242, -0.05161897,
       -0.05165694,  0.07510101,  0.04540976,  0.01646031, -0.00442423,
       -0.00711101,  0.0084784 , -0.045661  , -0.00534245,  0.07803521,
       -0.02313089, -0.07804915, -0.03303064, -0.08006827, -0.0278818 ,
       -0.00139677, -0.03956489,  0.06577518, -0.02773351,  0.09404487,
       -0.03037746, -0.00359593,  0.07919135, -0.03247301,  0.0155591 ,
       -0.0124408 , -0.00742582, -0.07623389,  0.00872366,  0.00476927,
       -0.0068135 ,  0.02072445,  0.04481257,  0.05884096, -0.01954146,
        0.04682294, -0.01844205, -0.03710283, -0.01539236, -0.00994976,
       -0.02382197, -0.03437721, -0.02200786,  0.03089521,  0.00037436,
       -0.05591809, -0.05558612, -0.02277903,  0.01912948, -0.0246767 ,
        0.02283103, -0.0242763 ,  0.04569156, -0.00037034,  0.0059402 ,
       -0.00019111,  0.00140503,  0.00365772, -0.05840729, -0.11143574,
        0.01227394,  0.00109584,  0.05921426, -0.03743006, -0.10669107,
        0.00251699,  0.06472435, -0.00275481, -0.02062031, -0.02847674,
        0.00877788, -0.07285787,  0.0311244 , -0.01869211, -0.08614338,
        0.09680311, -0.03453243,  0.07341094, -0.00147939,  0.00564779,
       -0.02033714,  0.03636692,  0.08445536, -0.03318553,  0.13807358,
        0.08774467, -0.00583832, -0.06910308,  0.00732776, -0.02519161,
       -0.08085911, -0.01237638, -0.01753632, -0.01165207,  0.00835471,
       -0.03602026,  0.06802063,  0.03115716], dtype=float32)>]
###EPOCH11###
[<tf.Variable 'dense_3/kernel:0' shape=(128, 128) dtype=float32, numpy=
array([[ 0.14559032,  0.07622701,  0.1611271 , ...,  0.16462824,
        -0.16733274,  0.11938515],
       [-0.07406936,  0.09684949, -0.15236638, ..., -0.06002335,
         0.00574058,  0.24587151],
       [-0.12256444, -0.06716985, -0.12139542, ..., -0.10651375,
         0.0587336 ,  0.03014868],
       ...,
       [-0.08396333, -0.11378895,  0.03698983, ..., -0.05059263,
        -0.15142511,  0.04989707],
       [ 0.05153327, -0.11793566,  0.06747407, ..., -0.11041269,
        -0.05081335, -0.02915735],
       [-0.04244876, -0.04380149,  0.07480818, ..., -0.02766411,
        -0.02875519,  0.00707515]], dtype=float32)>, <tf.Variable 'dense_3/bias:0' shape=(128,) dtype=float32, numpy=
array([-0.04766813,  0.01766885, -0.00075303,  0.01090949,  0.0342061 ,
        0.05397571,  0.01030204, -0.09898271,  0.01909196,  0.0264362 ,
       -0.04995183, -0.01663679, -0.02325998, -0.03113533, -0.07453157,
       -0.04497034, -0.02622103,  0.03878087, -0.00660319, -0.00154413,
        0.09533369, -0.00881148, -0.03297405,  0.01671042, -0.05234092,
        0.00755804,  0.0130953 , -0.06743587, -0.0058548 , -0.03311567,
       -0.05542919,  0.07199067,  0.03753683,  0.00746596, -0.01085264,
        0.00151997,  0.04601285, -0.05908688,  0.00193838,  0.08118698,
       -0.02181404, -0.08046631, -0.04191263, -0.09817681, -0.02321708,
        0.01330108, -0.01957489,  0.05047688, -0.03314728,  0.08181382,
       -0.0460519 , -0.00378489,  0.05020945, -0.04094265,  0.00136983,
       -0.01488955, -0.00965636, -0.06750533, -0.01341753,  0.01831682,
        0.01540264,  0.01330571,  0.04214162,  0.04419207, -0.02517812,
        0.03965864, -0.02937025, -0.0448124 , -0.02325089, -0.00204239,
       -0.03754254, -0.03417024,  0.02173049,  0.02928025, -0.0107864 ,
       -0.05838486, -0.06847155, -0.04342256,  0.01168776, -0.00598114,
        0.01684187, -0.03307876,  0.0369896 , -0.00369665, -0.00636052,
        0.00211441, -0.01542241,  0.00206707, -0.0443088 , -0.11304289,
        0.00401388,  0.01413527,  0.08561696, -0.02485304, -0.10182381,
        0.00284316,  0.0876209 , -0.01036957, -0.0096733 , -0.01989408,
        0.02214407, -0.070034  ,  0.02596073, -0.01947998, -0.08604217,
        0.0940065 , -0.04408403,  0.07821946,  0.00246151,  0.00046562,
       -0.04652324,  0.05026944,  0.09328467, -0.03515023,  0.11088091,
        0.07403255, -0.02265834, -0.08178518,  0.01855797, -0.03781581,
       -0.07381853, -0.00497016, -0.02580509, -0.01437462,  0.01784349,
       -0.02944082,  0.05249212,  0.01890696], dtype=float32)>]
###EPOCH0###
[<tf.Variable 'dense/kernel:0' shape=(128, 128) dtype=float32, numpy=
array([[ 0.03037055, -0.1156444 , -0.0817572 , ..., -0.01956203,
         0.09172885, -0.13622214],
       [ 0.02944606,  0.15125372, -0.02082232, ...,  0.02488859,
        -0.14149414,  0.04595434],
       [ 0.17482911, -0.02173869,  0.04209113, ..., -0.10768645,
        -0.01357745,  0.00485874],
       ...,
       [ 0.05763665, -0.15917781,  0.00255937, ..., -0.07643306,
         0.02783854,  0.13362287],
       [-0.11342807,  0.1236905 , -0.04411311, ..., -0.00552514,
        -0.01408649, -0.02022602],
       [ 0.07379451, -0.06333237,  0.08253367, ...,  0.02177475,
         0.01428338,  0.05835882]], dtype=float32)>, <tf.Variable 'dense/bias:0' shape=(128,) dtype=float32, numpy=
array([-4.55692820e-02, -5.26597677e-03, -1.63903777e-02, -5.01946881e-02,
       -1.68959964e-02, -6.15484128e-03, -1.79291163e-02,  4.65938170e-03,
       -1.42161520e-02, -8.25827848e-03, -2.52101850e-02, -1.60188489e-02,
        1.52957616e-02,  6.85352609e-02,  1.54429032e-02,  6.15817495e-03,
       -7.57999811e-03, -6.24407781e-03,  7.83468131e-03, -1.79970153e-02,
       -1.73098557e-02, -5.98502755e-02, -5.92726916e-02,  2.18327958e-02,
       -3.30473296e-02, -1.66575518e-03,  1.00639211e-02, -2.07996126e-02,
       -4.31285426e-03,  1.21550644e-02, -3.35846171e-02,  4.07876223e-02,
       -1.19064869e-02, -5.34068011e-02, -2.34201178e-02, -3.40463519e-02,
        4.08289256e-03, -3.79957892e-02,  1.05416393e-02, -2.05438584e-02,
       -1.11870617e-02,  5.05407248e-03, -1.64090004e-02, -3.27519476e-02,
       -3.35204341e-02, -3.28342505e-02,  1.21871801e-02, -1.89304985e-02,
       -2.81402580e-02, -2.72757635e-02, -6.80491477e-02,  3.71664353e-02,
        7.74028199e-03, -5.45769371e-02, -4.17354144e-02,  7.22479522e-02,
        4.42883652e-03,  1.27639603e-02, -4.20652330e-02, -1.77189969e-02,
        6.18280992e-02, -2.38789339e-02, -2.85990294e-02, -3.48936915e-02,
        7.28776008e-02,  2.51641590e-02,  1.61891221e-05, -2.79689673e-02,
        1.21535454e-02, -2.90006341e-04,  1.68818459e-02,  4.01878022e-02,
        4.40732762e-03, -2.56040506e-02, -5.37184700e-02,  3.14238407e-02,
       -1.06650153e-02,  6.59723356e-02, -9.41792317e-03,  2.36632545e-02,
       -3.71049754e-02,  8.03872384e-03,  2.13886262e-03, -2.10277941e-02,
       -2.06106864e-02, -6.96374709e-03, -5.30137634e-03, -1.57853775e-02,
        1.84127502e-02, -2.30476633e-02, -1.92753244e-02, -4.16090563e-02,
       -3.49511951e-02, -2.89863590e-02, -2.41327728e-03, -4.62066568e-02,
       -7.56206922e-03, -1.41723091e-02, -1.57223418e-02, -1.32094985e-02,
       -4.80604023e-02,  1.63051765e-02, -3.06004807e-02, -3.48297469e-02,
       -4.23152819e-02, -3.27918977e-02, -7.61009753e-03, -7.14652531e-04,
        3.94943506e-02,  4.68981899e-02, -3.75710502e-02,  4.26400499e-03,
       -4.45007987e-04, -1.52562000e-02,  4.29215282e-02, -1.73014831e-02,
       -1.17235212e-02, -2.55464334e-02, -3.15134041e-02, -2.23811418e-02,
       -5.33616655e-02, -8.33327416e-03,  6.62517222e-03, -2.88678035e-02,
       -1.57437995e-02,  1.40055446e-02, -2.73328405e-02, -1.19383149e-02],
      dtype=float32)>]
###EPOCH1###
[<tf.Variable 'dense/kernel:0' shape=(128, 128) dtype=float32, numpy=
array([[ 0.09117356, -0.10087188, -0.0556199 , ...,  0.01058053,
         0.11638422, -0.1637798 ],
       [ 0.09328985,  0.14207783,  0.0171996 , ...,  0.028663  ,
        -0.14541274,  0.05431341],
       [ 0.18902074, -0.04127425,  0.09809911, ..., -0.15402164,
        -0.04276027,  0.00458578],
       ...,
       [ 0.04158054, -0.13284664, -0.02166568, ..., -0.10404041,
         0.03530426,  0.11803187],
       [-0.16733551,  0.12811096, -0.04576455, ..., -0.00240786,
        -0.03241409, -0.01181294],
       [ 0.04407705, -0.05804012,  0.07500514, ..., -0.01991622,
         0.03293423,  0.05444534]], dtype=float32)>, <tf.Variable 'dense/bias:0' shape=(128,) dtype=float32, numpy=
array([ 0.03794555, -0.01416364, -0.03505895, -0.02428139, -0.0559151 ,
        0.00041221,  0.01134544,  0.0002195 , -0.01677535, -0.01568423,
       -0.01242086, -0.02330988, -0.04729955,  0.07282356,  0.05746912,
       -0.01732887, -0.01970934,  0.00069803,  0.0251435 , -0.00273357,
       -0.00569677, -0.01761266, -0.01864471,  0.05540781, -0.03170607,
        0.03320509,  0.01859426,  0.00861912,  0.00488476,  0.03494473,
       -0.05701645, -0.01308201, -0.00945438, -0.06458578, -0.01819007,
       -0.0236783 , -0.00340175, -0.06662487,  0.03469985, -0.02861911,
       -0.01000382, -0.00351986,  0.01045983, -0.05501631, -0.0013729 ,
       -0.03523943, -0.00239088, -0.01505698, -0.05646281, -0.06478126,
       -0.0358573 ,  0.08139998,  0.0026773 , -0.02143892, -0.07107028,
        0.06788998, -0.01347888,  0.0400719 , -0.02917978, -0.00256894,
        0.04246724, -0.04160142, -0.06069876, -0.02951302,  0.06964865,
        0.07716982,  0.00055824, -0.00847533,  0.01141448, -0.00194932,
        0.04799918,  0.05753602,  0.00645449,  0.01800245, -0.07817819,
        0.0065851 , -0.00943586,  0.06252196, -0.00684769,  0.04085562,
       -0.03544462, -0.02719878,  0.01389202, -0.03918859, -0.01109341,
       -0.05523624, -0.01959158, -0.03108699, -0.00195619, -0.03768234,
        0.02002591, -0.04981485, -0.07202539, -0.05236217, -0.04116214,
       -0.04701116,  0.01226797, -0.00306531, -0.01852206, -0.04044534,
       -0.04122693,  0.04340116, -0.0741638 ,  0.02258599, -0.07113463,
       -0.03107505, -0.01571782, -0.01137744,  0.03900256,  0.03658247,
       -0.00856816, -0.00253339, -0.00796616, -0.01844403,  0.0626543 ,
        0.012216  ,  0.05177791, -0.01727071, -0.03326662, -0.0641297 ,
       -0.09055463, -0.01112036, -0.02783129, -0.04274243, -0.02289736,
        0.04890737, -0.02455147, -0.0288708 ], dtype=float32)>]
###EPOCH2###
[<tf.Variable 'dense/kernel:0' shape=(128, 128) dtype=float32, numpy=
array([[ 0.09690817, -0.08875355, -0.03761573, ...,  0.00322179,
         0.11282123, -0.16773002],
       [ 0.08521142,  0.12695724,  0.01416105, ...,  0.01821717,
        -0.15547317,  0.06090569],
       [ 0.18096966, -0.01850424,  0.08936644, ..., -0.21807052,
        -0.04994991, -0.02857701],
       ...,
       [ 0.0268178 , -0.09525302, -0.03817864, ..., -0.09799161,
         0.00638483,  0.13147032],
       [-0.16232745,  0.11645566, -0.05977904, ..., -0.01964732,
        -0.01499031, -0.02574758],
       [ 0.01706905, -0.02695849,  0.05612407, ..., -0.0259813 ,
        -0.00092815,  0.0593955 ]], dtype=float32)>, <tf.Variable 'dense/bias:0' shape=(128,) dtype=float32, numpy=
array([ 0.03682358, -0.03506643, -0.04771586, -0.00913189, -0.06732767,
        0.00079917,  0.02421122,  0.00092235, -0.00320727, -0.0284673 ,
        0.02654891, -0.07304108, -0.0617477 ,  0.07210594,  0.05219029,
       -0.03266046, -0.0193217 , -0.03377187,  0.0510514 ,  0.02255603,
        0.03863962, -0.04621462, -0.017013  ,  0.05979916, -0.06011359,
        0.04642868,  0.00475001, -0.01341115,  0.02118773,  0.01554265,
       -0.04480422, -0.0065901 , -0.01463355, -0.0918026 ,  0.05187967,
       -0.0364981 , -0.03233647, -0.05456294,  0.01740728, -0.0405681 ,
       -0.01753752, -0.04036864,  0.06252946, -0.05938569, -0.00742802,
        0.01644507,  0.01934253, -0.00885083, -0.07550642, -0.06393863,
       -0.05428058,  0.07986571, -0.01005359, -0.06080712, -0.08938861,
        0.07272554, -0.02256961,  0.06025735, -0.02295633,  0.03919366,
        0.05280066, -0.04969787, -0.04837567, -0.02052822,  0.07927677,
        0.08376757, -0.00673895, -0.00745057,  0.00071614, -0.00316952,
        0.0382828 ,  0.04703096,  0.03052432,  0.02564482, -0.0864061 ,
        0.02087436,  0.00389067,  0.06717489, -0.01621234,  0.04120104,
       -0.04113749, -0.02327719,  0.01009951,  0.01393476, -0.01143894,
       -0.05301735, -0.00957079, -0.04823022, -0.00078181, -0.05995836,
        0.03633571, -0.04711048, -0.06679307, -0.03218119, -0.02474499,
       -0.04861256,  0.05442066, -0.004977  , -0.01502691, -0.06963291,
       -0.06188397,  0.02586209, -0.08172607,  0.01869056, -0.03377327,
       -0.06097871, -0.01792289, -0.01038256,  0.04046875,  0.03808561,
       -0.01288574, -0.00650957, -0.00658144, -0.02036562,  0.06544531,
        0.0472063 ,  0.08306107, -0.04360158, -0.04893105, -0.08205303,
       -0.08587031,  0.00802214, -0.06028777, -0.05607401, -0.03456056,
        0.0132433 , -0.04082502, -0.02784414], dtype=float32)>]
###EPOCH3###
[<tf.Variable 'dense/kernel:0' shape=(128, 128) dtype=float32, numpy=
array([[ 0.0786247 , -0.04663565, -0.05108213, ...,  0.06868649,
         0.08340901, -0.19055882],
       [ 0.07906447,  0.14489569,  0.02871343, ...,  0.04830876,
        -0.15140113,  0.07197379],
       [ 0.16640992, -0.04468904,  0.0953623 , ..., -0.2205341 ,
        -0.06460816, -0.04801181],
       ...,
       [ 0.06375177, -0.1291486 , -0.03268846, ..., -0.05691141,
         0.00567076,  0.09093952],
       [-0.16791451,  0.0577685 , -0.04797101, ..., -0.04839549,
         0.01262109, -0.0340123 ],
       [-0.01608881, -0.03905205,  0.07665075, ..., -0.02681584,
        -0.0075858 ,  0.06587707]], dtype=float32)>, <tf.Variable 'dense/bias:0' shape=(128,) dtype=float32, numpy=
array([ 0.02044787, -0.0303808 , -0.04149367,  0.00408594, -0.06747714,
        0.00858921,  0.01432751,  0.00052151,  0.01695047, -0.04213831,
        0.02017207, -0.0948785 , -0.05716179,  0.07686757,  0.05264646,
       -0.04236639, -0.0229369 , -0.0220778 ,  0.03681889,  0.01092108,
        0.0029136 , -0.04533031, -0.0172218 ,  0.09342688, -0.06788608,
        0.01725308,  0.00410405, -0.00184652,  0.01383824,  0.01139691,
       -0.08520569, -0.01382973,  0.03332795, -0.09175219,  0.05115623,
       -0.01786119,  0.00741837, -0.0520102 ,  0.01204633, -0.03923565,
       -0.05627782, -0.01724429,  0.0737961 , -0.04200416, -0.00223134,
       -0.02521601,  0.01991681, -0.02425809, -0.06660984, -0.06559707,
       -0.07501148,  0.08440325, -0.01932473, -0.07538141, -0.10212194,
        0.07471606, -0.04594382,  0.05877199, -0.0075727 , -0.00866457,
        0.04565212, -0.02780976, -0.0696478 , -0.04894125,  0.11095341,
        0.08211526,  0.03541547,  0.008153  ,  0.00500321,  0.04908306,
        0.00808122,  0.05979501,  0.04506008,  0.00925275, -0.06091934,
        0.03324742,  0.0327687 ,  0.06261734, -0.01743691,  0.04788613,
       -0.06096177, -0.01909611,  0.00124706,  0.01460429, -0.01100894,
       -0.08317389, -0.01474735, -0.00785521,  0.00891441, -0.08877203,
        0.02062514, -0.02889315, -0.01705722, -0.06396371, -0.04043389,
       -0.06696413,  0.04792548,  0.01928806, -0.03132892, -0.08432299,
       -0.07754102, -0.00162628, -0.08691026, -0.00236475, -0.02391257,
       -0.05253648,  0.0090838 ,  0.02179503,  0.07540001,  0.05546412,
       -0.00339844, -0.02354092, -0.03677913, -0.00751125,  0.07247715,
        0.03914695,  0.08361404, -0.00510936, -0.05568355, -0.07339044,
       -0.11169333,  0.02029508, -0.07958493, -0.02483062, -0.01797684,
        0.03253499, -0.07905234, -0.0277372 ], dtype=float32)>]
###EPOCH4###
[<tf.Variable 'dense/kernel:0' shape=(128, 128) dtype=float32, numpy=
array([[ 0.07335082, -0.06780158, -0.01836098, ...,  0.03781874,
         0.07395013, -0.19552068],
       [ 0.08598052,  0.14999096,  0.02121126, ...,  0.02727026,
        -0.14242133,  0.06212445],
       [ 0.19897513, -0.03965212,  0.0855184 , ..., -0.21165417,
        -0.06261156, -0.04398771],
       ...,
       [ 0.09262639, -0.11646521, -0.03805263, ..., -0.09923998,
         0.0146705 ,  0.082831  ],
       [-0.17941701,  0.05388068, -0.0525027 , ..., -0.04992757,
         0.02353372, -0.05388189],
       [-0.08163889, -0.0370655 ,  0.0392029 , ..., -0.05955165,
        -0.01104006,  0.04706975]], dtype=float32)>, <tf.Variable 'dense/bias:0' shape=(128,) dtype=float32, numpy=
array([-0.00058048, -0.04564449, -0.0269655 , -0.00115132, -0.09975278,
       -0.00070992,  0.02099276,  0.01315243, -0.0142945 , -0.02361151,
       -0.011319  , -0.11280903, -0.0285159 ,  0.05481372,  0.07436492,
       -0.04202012, -0.04738225, -0.01667474,  0.05866001, -0.0192845 ,
        0.03910695, -0.03854655, -0.02999142,  0.05836584, -0.07479784,
        0.02181015, -0.02168773,  0.00056934,  0.01106094,  0.03251427,
       -0.08196153, -0.02852804,  0.01654961, -0.08494899,  0.08071049,
       -0.01963592, -0.00807119, -0.03988782,  0.00514548, -0.05701451,
       -0.04388672, -0.03205657,  0.07840403, -0.03821076, -0.01972547,
       -0.04433418,  0.03904678, -0.03199606, -0.07235888, -0.08413479,
       -0.07356717,  0.05036154,  0.00026074, -0.08270553, -0.11393852,
        0.09150553, -0.04520772,  0.0611195 , -0.03566891, -0.0153315 ,
        0.01329663, -0.04852929, -0.06003666, -0.02437163,  0.08965869,
        0.12084172, -0.03165343, -0.00917634,  0.01270267,  0.02527183,
        0.00612146,  0.07539622,  0.05012934,  0.01337407, -0.06319404,
        0.01125983,  0.02302525,  0.0540688 , -0.0295557 ,  0.06331295,
       -0.10160653, -0.02770694,  0.00843249,  0.0265932 , -0.00016109,
       -0.10557909, -0.0058136 , -0.01959367, -0.00480854, -0.11066142,
        0.01727571, -0.04041114, -0.00660757, -0.07972081,  0.02794234,
       -0.09864615,  0.08280197,  0.01901012, -0.03210394, -0.11124614,
       -0.07986213,  0.01815324, -0.09488229,  0.01642709, -0.06191839,
       -0.06814999,  0.03418041,  0.02601244,  0.04821434,  0.0498938 ,
       -0.02389809, -0.00144559, -0.04181657,  0.01154193,  0.05648275,
        0.04804691,  0.07036629, -0.02204825, -0.02522708, -0.08384731,
       -0.07452615,  0.01606499, -0.08026513, -0.00606649, -0.02327603,
        0.00684669, -0.09524405, -0.0254794 ], dtype=float32)>]
###EPOCH5###
[<tf.Variable 'dense/kernel:0' shape=(128, 128) dtype=float32, numpy=
array([[ 0.06944307, -0.08223779, -0.00701965, ...,  0.05508137,
         0.08360654, -0.16443549],
       [ 0.05828901,  0.08299582,  0.01771001, ...,  0.06065161,
        -0.14750919,  0.03382137],
       [ 0.17083724, -0.03949706,  0.06925661, ..., -0.22994174,
        -0.07723686, -0.074909  ],
       ...,
       [ 0.11951578, -0.09032726, -0.04070367, ..., -0.09863147,
         0.01131535,  0.07484689],
       [-0.18523179,  0.06338777, -0.03483682, ..., -0.08350737,
         0.06292445, -0.06563195],
       [-0.09452305, -0.00431809,  0.00730674, ..., -0.06212225,
         0.00613168,  0.01657063]], dtype=float32)>, <tf.Variable 'dense/bias:0' shape=(128,) dtype=float32, numpy=
array([-0.03009439, -0.07513284, -0.01668228, -0.01205765, -0.11617417,
       -0.00332207,  0.00082873,  0.00788802,  0.00743759, -0.02663356,
       -0.01213699, -0.09123165, -0.0520651 ,  0.08411006,  0.05508007,
       -0.04872212, -0.05467717, -0.0394944 ,  0.04666739,  0.00323589,
        0.05411806, -0.01374684, -0.0266637 ,  0.04442748, -0.08577638,
        0.0280715 , -0.0196875 , -0.01475818, -0.01461107,  0.03075927,
       -0.09101493, -0.00061234,  0.03410164, -0.08161889,  0.07114472,
        0.0169442 ,  0.02032967, -0.05668476, -0.00255425, -0.07318266,
        0.02039424, -0.05908385,  0.07048724, -0.04586393,  0.00311658,
       -0.08461547,  0.03626008, -0.04041064, -0.09159744, -0.06864908,
       -0.08252515,  0.07985591, -0.01936657, -0.08645771, -0.12896761,
        0.09341722, -0.0681666 ,  0.07240177, -0.05350174, -0.00014575,
       -0.00276094, -0.05613599, -0.074247  , -0.02925705,  0.08483422,
        0.12017038, -0.0324771 , -0.00375293,  0.05564811,  0.01255218,
        0.02577676,  0.10193375,  0.06340345,  0.05490905, -0.10320616,
        0.06005058,  0.02190872,  0.05082281, -0.04739128,  0.07463057,
       -0.07663705, -0.02143542,  0.00728613,  0.02558028, -0.01530262,
       -0.09589832, -0.01167405,  0.01250702,  0.0143879 , -0.11234834,
        0.01576873, -0.02836155,  0.02844667, -0.06771737,  0.02678779,
       -0.08890403,  0.07865462,  0.00538254, -0.0220704 , -0.10339432,
       -0.07744493,  0.04051501, -0.08873241,  0.00666325, -0.07441413,
       -0.06570981,  0.02346443, -0.00783252,  0.07996912,  0.05807522,
       -0.02407073, -0.04238772, -0.02153102,  0.03677145,  0.06089758,
        0.05218646,  0.08093834, -0.06847489, -0.04706138, -0.07917586,
       -0.10650729,  0.0143094 , -0.05994344, -0.01255141, -0.00455631,
        0.01689087, -0.08529348, -0.03481691], dtype=float32)>]
###EPOCH6###
[<tf.Variable 'dense/kernel:0' shape=(128, 128) dtype=float32, numpy=
array([[ 0.09399644, -0.11832498,  0.00862941, ...,  0.02369402,
         0.12240746, -0.15988079],
       [ 0.09138436,  0.15649815, -0.00073151, ...,  0.05832227,
        -0.13684577,  0.00806213],
       [ 0.14401934, -0.05480212,  0.04865253, ..., -0.22109759,
        -0.08135291, -0.08386268],
       ...,
       [ 0.16140375, -0.09974308, -0.03943997, ..., -0.09242126,
         0.02044956,  0.07657185],
       [-0.1919022 ,  0.00601901, -0.01946201, ..., -0.11633696,
         0.08008936, -0.06881903],
       [-0.12626201,  0.0486221 ,  0.01447009, ..., -0.07358997,
        -0.02570384,  0.01764134]], dtype=float32)>, <tf.Variable 'dense/bias:0' shape=(128,) dtype=float32, numpy=
array([-0.02267851, -0.05689998, -0.03258447,  0.03893134, -0.12128934,
        0.00586799,  0.01790423, -0.00666166,  0.013843  ,  0.00967081,
        0.0113374 , -0.13441685, -0.05579276,  0.08694723,  0.08130951,
        0.01890274, -0.06205586, -0.03887796,  0.02595318, -0.0079543 ,
        0.05083933, -0.00866055, -0.05385213,  0.03060565, -0.1003768 ,
        0.0186605 , -0.0123348 , -0.03121763, -0.03056544,  0.02139615,
       -0.06963568, -0.004752  , -0.00547422, -0.09227089,  0.06144107,
       -0.00272471, -0.02693824, -0.0511672 ,  0.01595455, -0.09860803,
       -0.00803045, -0.05672108,  0.07931766, -0.02049306, -0.00656042,
       -0.09081755,  0.03487977, -0.03813365, -0.10371247, -0.0434403 ,
       -0.09105366,  0.07116781, -0.01271909, -0.08796366, -0.14169963,
        0.08459781, -0.06346795,  0.10734082, -0.08088499, -0.0110114 ,
        0.00811704, -0.03823683, -0.07231576, -0.04802752,  0.08712614,
        0.09779331, -0.04501111, -0.00923031,  0.0499386 ,  0.02675717,
        0.01451903,  0.07230951,  0.07765241,  0.06175937, -0.13194719,
        0.07039825,  0.02183865,  0.05902592, -0.04690401,  0.0546341 ,
       -0.07486065, -0.04182577, -0.01509177,  0.01947004, -0.0198142 ,
       -0.07767895, -0.00720056,  0.03663288,  0.0514113 , -0.12520403,
        0.03552521, -0.05518152, -0.00252823, -0.09633206, -0.00512831,
       -0.12048104,  0.09555531, -0.01388851, -0.04037214, -0.12616052,
       -0.05867377,  0.05707756, -0.08101828, -0.0211825 , -0.09170145,
       -0.04953353, -0.01720504, -0.02193544,  0.0653199 ,  0.07278816,
       -0.00876854, -0.04191042, -0.05115227,  0.00581869,  0.02382789,
        0.0210685 ,  0.07229242, -0.05529673, -0.02305376, -0.07907453,
       -0.04553841,  0.0398834 , -0.08492982,  0.03287146, -0.00258416,
        0.00737672, -0.07699565, -0.07158647], dtype=float32)>]
###EPOCH7###
[<tf.Variable 'dense/kernel:0' shape=(128, 128) dtype=float32, numpy=
array([[ 1.17876738e-01, -1.38282686e-01, -6.17418019e-03, ...,
         3.02902013e-02,  7.67150968e-02, -1.54129013e-01],
       [ 5.49168997e-02,  1.58129111e-01, -2.46305577e-03, ...,
         1.87271740e-02, -1.85938120e-01,  3.75066176e-02],
       [ 1.23392664e-01, -4.50973324e-02,  2.55972873e-02, ...,
        -2.16197386e-01, -1.06534943e-01, -9.12829936e-02],
       ...,
       [ 1.40932709e-01, -3.37462351e-02, -3.83998640e-02, ...,
        -9.18833613e-02,  2.27061026e-02,  1.05490580e-01],
       [-1.81127161e-01, -3.60623095e-03, -3.78041193e-02, ...,
        -1.35718107e-01,  6.79231882e-02, -7.26197958e-02],
       [-1.45424783e-01,  2.98651066e-02,  1.63006087e-04, ...,
        -9.84916389e-02, -2.52933782e-02,  2.96701305e-02]], dtype=float32)>, <tf.Variable 'dense/bias:0' shape=(128,) dtype=float32, numpy=
array([-0.03065787, -0.06624179, -0.04653915,  0.02595494, -0.13120504,
       -0.01313285,  0.03152948, -0.01536398,  0.00792418,  0.00255379,
       -0.00967426, -0.1293643 , -0.05725047,  0.0924538 ,  0.06349754,
        0.0272544 , -0.04863151, -0.05620492,  0.01902437, -0.0200614 ,
        0.02839235, -0.02765021, -0.05249803,  0.02684076, -0.09815034,
        0.00487114, -0.05151525, -0.03016471, -0.00592452,  0.02519738,
       -0.08056723, -0.00291859,  0.01634365, -0.09350908,  0.06991825,
        0.00299547, -0.01819248, -0.05727031,  0.00948788, -0.11825001,
       -0.01665101, -0.06745674,  0.04385205, -0.02868121,  0.00569419,
       -0.0799243 ,  0.07423446, -0.03754144, -0.08152615, -0.05838959,
       -0.10265572,  0.06201376,  0.02266462, -0.09171661, -0.13245676,
        0.09942619, -0.05576994,  0.10123616, -0.08955556, -0.01204998,
        0.00346696, -0.03389005, -0.08304375, -0.04605384,  0.10057107,
        0.11670877, -0.0397775 ,  0.0273117 ,  0.04694682,  0.0461913 ,
       -0.00527966,  0.0594888 ,  0.07027347,  0.04818648, -0.14839175,
        0.06295433,  0.01499258,  0.03444606, -0.02865112,  0.06712836,
       -0.1241545 , -0.06519429,  0.00116286, -0.00149576, -0.03525482,
       -0.08662529, -0.01529319,  0.03010474,  0.00559896, -0.13425677,
        0.00140125, -0.0690152 , -0.00384164, -0.09391663, -0.00033008,
       -0.11906108,  0.10169785,  0.00546264, -0.02172535, -0.1184433 ,
       -0.07510055,  0.05160462, -0.07749732, -0.01482209, -0.05631925,
       -0.05233939, -0.02704977, -0.04905743,  0.07434832,  0.09178582,
       -0.00904876, -0.04457654, -0.0900404 ,  0.00465233,  0.04348489,
        0.034144  ,  0.06788711, -0.07549249, -0.04283404, -0.0915219 ,
       -0.0698491 ,  0.00989697, -0.10035191,  0.03346796, -0.03527254,
        0.01768818, -0.10008346, -0.05328411], dtype=float32)>]
###EPOCH8###
[<tf.Variable 'dense/kernel:0' shape=(128, 128) dtype=float32, numpy=
array([[ 0.13987166, -0.13689645,  0.03346733, ...,  0.02435328,
         0.08016939, -0.16108912],
       [ 0.07056245,  0.12526704, -0.03803146, ...,  0.05032285,
        -0.16736011,  0.02025789],
       [ 0.12717709, -0.01423451,  0.04323244, ..., -0.23153292,
        -0.10447145, -0.10147785],
       ...,
       [ 0.17329279, -0.06063564, -0.06695982, ..., -0.10180298,
         0.03609619,  0.11916795],
       [-0.19574344, -0.05965022, -0.01326526, ..., -0.13455011,
         0.08499992, -0.0892269 ],
       [-0.12424414,  0.01615751, -0.02515981, ..., -0.15393406,
        -0.00111631,  0.03108929]], dtype=float32)>, <tf.Variable 'dense/bias:0' shape=(128,) dtype=float32, numpy=
array([-0.00616793, -0.09028976, -0.02863699,  0.00828205, -0.13313124,
        0.02175548,  0.00110721, -0.00801145,  0.0144866 , -0.0241105 ,
       -0.00917999, -0.14431038, -0.04337953,  0.0853079 ,  0.06801134,
       -0.00805942, -0.07766069, -0.08408244,  0.01568279, -0.02989212,
        0.03779749, -0.0067545 , -0.06793594,  0.04204847, -0.07446163,
        0.01361636, -0.04783047, -0.05212892,  0.00324745,  0.01806263,
       -0.09207342,  0.00112754, -0.00299818, -0.11130476,  0.06756862,
       -0.00102134, -0.01561268, -0.06386539, -0.01178505, -0.13995704,
       -0.00991495, -0.07175043,  0.0701879 , -0.00554826, -0.01766034,
       -0.06884067,  0.05494233, -0.04584449, -0.11787003, -0.0828464 ,
       -0.04411216,  0.08535957,  0.03133779, -0.07749649, -0.12054804,
        0.11304412, -0.0401152 ,  0.09122366, -0.09297063, -0.03274881,
        0.06832105, -0.02635085, -0.06291083, -0.05689817,  0.0786643 ,
        0.12506196,  0.02409178,  0.02649905,  0.03510951,  0.02666619,
       -0.00691729,  0.0768445 ,  0.09262776,  0.03090833, -0.17506641,
        0.08054496,  0.03469773,  0.02720236, -0.06475258,  0.05594103,
       -0.10901561, -0.06410311, -0.00671076,  0.01985014, -0.02585258,
       -0.1181939 ,  0.01122664,  0.02229398,  0.0244104 , -0.1374577 ,
        0.0266522 , -0.10250493,  0.03923152, -0.10740009, -0.00744977,
       -0.10778733,  0.09219328,  0.02319582,  0.01211824, -0.09706061,
       -0.06688852,  0.07040935, -0.01605131, -0.0285256 , -0.04451863,
       -0.09293324, -0.01494937, -0.03023789,  0.09416845,  0.06231958,
        0.0112468 , -0.03300351, -0.09206301,  0.00142454,  0.03552831,
        0.0430708 ,  0.09444967, -0.06271467, -0.02168499, -0.0902127 ,
       -0.07951289, -0.01395562, -0.07873332,  0.03431044, -0.04230357,
        0.02770391, -0.08212395, -0.08126028], dtype=float32)>]
###EPOCH9###
[<tf.Variable 'dense/kernel:0' shape=(128, 128) dtype=float32, numpy=
array([[ 0.16887517, -0.10885421,  0.00351164, ...,  0.0497525 ,
         0.0322549 , -0.1288102 ],
       [ 0.04787998,  0.12666243, -0.03549286, ...,  0.04163986,
        -0.13750267,  0.03818865],
       [ 0.1489393 , -0.01126924,  0.00785569, ..., -0.23945157,
        -0.12191899, -0.03844774],
       ...,
       [ 0.16810487, -0.07263531, -0.06505107, ..., -0.11651344,
         0.05793232,  0.15599471],
       [-0.20457019, -0.05039167,  0.0198143 , ..., -0.08043331,
         0.08007671, -0.07690245],
       [-0.19252744,  0.03592666, -0.00700659, ..., -0.1531762 ,
        -0.03828318,  0.04366746]], dtype=float32)>, <tf.Variable 'dense/bias:0' shape=(128,) dtype=float32, numpy=
array([ 0.00025909, -0.0792127 , -0.03076385,  0.02297725, -0.14721304,
        0.01634129,  0.01022889,  0.00193984,  0.00580275, -0.0330514 ,
       -0.03671629, -0.17662159, -0.07049541,  0.11530276,  0.07121584,
       -0.01823727, -0.06002958, -0.06068907,  0.01352117, -0.01216897,
        0.04524129,  0.02337655, -0.01660163,  0.03213743, -0.06642249,
        0.01829547, -0.04063298, -0.06050157, -0.0015387 ,  0.02339523,
       -0.10910147,  0.00329774, -0.01086716, -0.12716301,  0.04210998,
       -0.00024893, -0.04193038, -0.08473998,  0.00736422, -0.14698529,
       -0.03000594, -0.05626179,  0.08410392, -0.03936531, -0.02012363,
       -0.06392041,  0.07436668, -0.03818   , -0.10130503, -0.06705789,
       -0.02636375,  0.10148535,  0.03148405, -0.10500695, -0.12319453,
        0.09504534, -0.07356564,  0.07602441, -0.1007266 ,  0.01430995,
        0.02613079, -0.01752256, -0.04915663, -0.05759727,  0.08227164,
        0.13226278,  0.01656067,  0.00515943,  0.03892107,  0.06340166,
       -0.01339843,  0.070231  ,  0.05232013,  0.03570329, -0.17399065,
        0.06416992,  0.03961064, -0.00251742, -0.06981399,  0.07799577,
       -0.09738718, -0.01506256, -0.02327103,  0.02648926, -0.03808267,
       -0.12322907,  0.01070546,  0.04916746,  0.04143498, -0.12081484,
        0.02210341, -0.10633586,  0.00309713, -0.08545446, -0.01852982,
       -0.07387604,  0.08284686,  0.01558353, -0.01791108, -0.10072532,
       -0.05013713,  0.08663855, -0.02707901, -0.02430646, -0.07747969,
       -0.1095948 , -0.01946286, -0.04712685,  0.08374691,  0.06634034,
        0.0216314 , -0.06094819, -0.10840019, -0.01032837,  0.0411924 ,
        0.04425823,  0.07414208, -0.05074067, -0.00855397, -0.06510178,
       -0.08321459, -0.01625592, -0.08008289,  0.03494351, -0.03925074,
        0.02875393, -0.10818499, -0.01107801], dtype=float32)>]
###EPOCH10###
[<tf.Variable 'dense/kernel:0' shape=(128, 128) dtype=float32, numpy=
array([[ 1.45490602e-01, -1.45640835e-01, -1.91333133e-03, ...,
         7.28778687e-05,  4.73538116e-02, -1.57939151e-01],
       [ 2.51864623e-02,  1.10275067e-01, -6.17423467e-02, ...,
         2.72797924e-02, -7.44364038e-02, -1.36208441e-02],
       [ 1.10802382e-01, -4.90617268e-02,  2.87108012e-02, ...,
        -2.78043360e-01, -1.34456828e-01, -6.59510419e-02],
       ...,
       [ 1.74544036e-01, -6.42476380e-02, -7.94849321e-02, ...,
        -7.65383244e-02,  2.58330051e-02,  1.30605772e-01],
       [-2.06223205e-01, -7.40677789e-02,  7.59590603e-03, ...,
        -7.53690302e-02,  9.54135731e-02, -6.10517040e-02],
       [-1.95205733e-01,  4.74721566e-02, -1.56861227e-02, ...,
        -1.60222441e-01, -8.40417519e-02, -1.08509585e-02]], dtype=float32)>, <tf.Variable 'dense/bias:0' shape=(128,) dtype=float32, numpy=
array([-0.0211882 , -0.12444562, -0.06274238,  0.02559804, -0.14721304,
        0.02119175, -0.02229566, -0.01023602,  0.02244955, -0.05630546,
       -0.04187051, -0.12818384, -0.0769572 ,  0.12221329,  0.05242834,
       -0.02021829, -0.04640223, -0.08433257,  0.01400396, -0.00801272,
        0.04246568,  0.02092441, -0.0616355 ,  0.02036461, -0.06948187,
        0.00645123, -0.04265978, -0.07541327,  0.01488884,  0.00018787,
       -0.10417452, -0.01641606, -0.00778471, -0.1336192 ,  0.06890392,
       -0.0024726 , -0.04118988, -0.08924154, -0.02815155, -0.1539658 ,
       -0.02408881, -0.10247337,  0.09716355, -0.01396409,  0.02399418,
       -0.06738169,  0.1017398 , -0.04721991, -0.10149939, -0.05273513,
       -0.02636996,  0.09372096,  0.00106039, -0.10018821, -0.08864286,
        0.10058441, -0.07719987,  0.07305647, -0.11800123, -0.00121997,
       -0.00694873,  0.00190996, -0.04920374, -0.08875431,  0.06969061,
        0.11003476,  0.02278106,  0.0042324 ,  0.04326881,  0.04334918,
       -0.0104797 ,  0.07080004,  0.08460376,  0.0394863 , -0.18781938,
        0.07403168,  0.01361273,  0.02368908, -0.02371361,  0.06180631,
       -0.10031881, -0.04730386,  0.0080749 ,  0.03181699, -0.05378433,
       -0.1249903 ,  0.02290323,  0.02171828,  0.07960746, -0.13974793,
        0.0261358 , -0.07977854,  0.00358604, -0.06533569, -0.02294293,
       -0.10423987,  0.05431048,  0.04964994, -0.04495605, -0.09014332,
       -0.10057931,  0.06454697, -0.01000195, -0.03096313, -0.05288559,
       -0.14194928, -0.02551943, -0.04926242,  0.09343939,  0.07755264,
        0.00160906, -0.07314697, -0.0956928 , -0.0064552 ,  0.06108476,
        0.0457551 ,  0.05681655, -0.08430353, -0.04895559, -0.08267466,
       -0.0565573 , -0.01506451, -0.05038772,  0.02767125, -0.05394052,
        0.05135872, -0.11600122, -0.07352646], dtype=float32)>]
###EPOCH11###
[<tf.Variable 'dense/kernel:0' shape=(128, 128) dtype=float32, numpy=
array([[ 0.17188375, -0.13919929,  0.00760631, ...,  0.03068971,
         0.04872075, -0.15300696],
       [ 0.04340995,  0.10585257, -0.01798722, ...,  0.01764064,
        -0.08205738, -0.01697919],
       [ 0.07579272, -0.0518006 ,  0.05601821, ..., -0.27441323,
        -0.15018676, -0.07344309],
       ...,
       [ 0.16748339, -0.08190327, -0.0758248 , ..., -0.06054761,
         0.00517684,  0.1244425 ],
       [-0.20540935, -0.08358905,  0.04374569, ..., -0.10920017,
         0.09574885, -0.02518886],
       [-0.21501772,  0.01646393, -0.03287682, ..., -0.1853502 ,
        -0.0872097 , -0.01810801]], dtype=float32)>, <tf.Variable 'dense/bias:0' shape=(128,) dtype=float32, numpy=
array([-0.00487806, -0.14440615, -0.04388323,  0.02040139, -0.14721304,
        0.01611833, -0.00599127,  0.04337475,  0.03231153, -0.07841215,
       -0.0657558 , -0.12867181, -0.07947241,  0.13296221,  0.0615022 ,
        0.01677489, -0.05230659, -0.09673928, -0.01172249, -0.04504577,
        0.05796384, -0.00067421, -0.03745908,  0.00619191, -0.07199561,
       -0.01757296, -0.02452915, -0.0582993 ,  0.03400318,  0.00649071,
       -0.13813852,  0.00692366, -0.02280396, -0.13696483,  0.05086302,
       -0.01472614, -0.024503  , -0.10671016, -0.02000041, -0.19040015,
       -0.01611812, -0.07451092,  0.06533448, -0.0379054 ,  0.00226061,
       -0.07866229,  0.06217145, -0.05261132, -0.08895256, -0.05728353,
        0.00185898,  0.09721896, -0.0181557 , -0.09129288, -0.09357003,
        0.11531734, -0.06529056,  0.06152873, -0.12916102, -0.02456554,
        0.00473374,  0.01898571, -0.06562686, -0.10471852,  0.085586  ,
        0.1125247 , -0.00681777,  0.01807452,  0.05698014,  0.03595471,
       -0.03005384,  0.08372755,  0.05420344,  0.04837859, -0.17384598,
        0.05194869,  0.01299713,  0.01178749, -0.08263083,  0.06614173,
       -0.08909786, -0.04606753,  0.07176365,  0.05193312, -0.04643011,
       -0.13125542, -0.0085433 ,  0.05352652,  0.05988844, -0.13974804,
        0.02960461, -0.07639088,  0.01834953, -0.09072648, -0.02834315,
       -0.06657141,  0.06879112,  0.02063872,  0.02072999, -0.11354066,
       -0.06715303,  0.08447897, -0.00346246, -0.05211565, -0.04564625,
       -0.13058189, -0.02307226, -0.06555829,  0.09443187,  0.10903078,
        0.02471554, -0.04464949, -0.09045783,  0.03364006,  0.05895093,
        0.01960819,  0.06308881, -0.08443782, -0.05503768, -0.08925484,
       -0.06448837, -0.02793775, -0.05767415,  0.00821777, -0.04143155,
        0.04897489, -0.13978986, -0.1026251 ], dtype=float32)>]
###EPOCH0###
[]
###EPOCH1###
[]
###EPOCH2###
[]
###EPOCH3###
[]
###EPOCH4###
[]
###EPOCH5###
[]
###EPOCH6###
[]
###EPOCH7###
[]
###EPOCH8###
[]
###EPOCH9###
[]
###EPOCH10###
[]
###EPOCH11###
[]
###EPOCH12###
[]
###EPOCH13###
[]
###EPOCH14###
[]
###EPOCH15###
[]
###EPOCH16###
[]
###EPOCH17###
[]
###EPOCH18###
[]
###EPOCH19###
[]
###EPOCH20###
[]
###EPOCH21###
[]
###EPOCH22###
[]
###EPOCH23###
[]
###EPOCH24###
[]
###EPOCH25###
[]
###EPOCH26###
[]
###EPOCH27###
[]
###EPOCH28###
[]
###EPOCH29###
[]
###EPOCH30###
[]
###EPOCH31###
[]
###EPOCH32###
[]
###EPOCH33###
[]
###EPOCH34###
[]
###EPOCH35###
[]
###EPOCH36###
[]
###EPOCH37###
[]
###EPOCH38###
[]
###EPOCH39###
[]
###EPOCH40###
[]
###EPOCH41###
[]
###EPOCH42###
[]
###EPOCH43###
[]
###EPOCH44###
[]
###EPOCH45###
[]
###EPOCH46###
[]
###EPOCH47###
[]
###EPOCH48###
[]
###EPOCH49###
[]
###EPOCH50###
[]
###EPOCH51###
[]
###EPOCH52###
[]
###EPOCH53###
[]
###EPOCH54###
[]
###EPOCH55###
[]
###EPOCH56###
[]
###EPOCH57###
[]
###EPOCH58###
[]
###EPOCH59###
[]
###EPOCH0###
[]
###EPOCH1###
[]
###EPOCH2###
[]
###EPOCH3###
[]
###EPOCH4###
[]
###EPOCH5###
[]
###EPOCH6###
[]
###EPOCH7###
[]
###EPOCH8###
[]
###EPOCH9###
[]
###EPOCH10###
[]
###EPOCH11###
[]
###EPOCH12###
[]
###EPOCH13###
[]
###EPOCH14###
[]
###EPOCH15###
[]
###EPOCH16###
[]
###EPOCH17###
[]
###EPOCH18###
[]
###EPOCH19###
[]
###EPOCH20###
[]
###EPOCH21###
[]
###EPOCH22###
[]
###EPOCH23###
[]
###EPOCH24###
[]
###EPOCH25###
[]
###EPOCH26###
[]
###EPOCH27###
[]
###EPOCH28###
[]
###EPOCH29###
[]
###EPOCH30###
[]
###EPOCH31###
[]
###EPOCH32###
[]
###EPOCH33###
[]
###EPOCH34###
[]
###EPOCH35###
[]
###EPOCH36###
[]
###EPOCH37###
[]
###EPOCH38###
[]
###EPOCH39###
[]
###EPOCH40###
[]
###EPOCH41###
[]
###EPOCH42###
[]
###EPOCH43###
[]
###EPOCH44###
[]
###EPOCH45###
[]
###EPOCH46###
[]
###EPOCH47###
[]
###EPOCH48###
[]
###EPOCH49###
[]
###EPOCH50###
[]
###EPOCH51###
[]
###EPOCH52###
[]
###EPOCH53###
[]
###EPOCH54###
[]
###EPOCH55###
[]
###EPOCH56###
[]
###EPOCH57###
[]
###EPOCH58###
[]
###EPOCH59###
[]
###EPOCH0###
[]
###EPOCH1###
[]
###EPOCH2###
[]
###EPOCH3###
[]
###EPOCH4###
[]
###EPOCH5###
[]
###EPOCH6###
[]
###EPOCH7###
[]
###EPOCH8###
[]
###EPOCH9###
[]
###EPOCH10###
[]
###EPOCH11###
[]
###EPOCH12###
[]
###EPOCH13###
[]
###EPOCH14###
[]
###EPOCH15###
[]
###EPOCH16###
[]
###EPOCH17###
[]
###EPOCH18###
[]
###EPOCH19###
[]
###EPOCH20###
[]
###EPOCH21###
[]
###EPOCH22###
[]
###EPOCH23###
[]
###EPOCH24###
[]
###EPOCH25###
[]
###EPOCH26###
[]
###EPOCH27###
[]
###EPOCH28###
[]
###EPOCH29###
[]
###EPOCH30###
[]
###EPOCH31###
[]
###EPOCH32###
[]
###EPOCH33###
[]
###EPOCH34###
[]
###EPOCH35###
[]
###EPOCH36###
[]
###EPOCH37###
[]
###EPOCH38###
[]
###EPOCH39###
[]
###EPOCH40###
[]
###EPOCH41###
[]
###EPOCH42###
[]
###EPOCH43###
[]
###EPOCH44###
[]
###EPOCH45###
[]
###EPOCH46###
[]
###EPOCH47###
[]
###EPOCH48###
[]
###EPOCH49###
[]
###EPOCH50###
[]
###EPOCH51###
[]
###EPOCH52###
[]
###EPOCH53###
[]
###EPOCH54###
[]
###EPOCH55###
[]
###EPOCH56###
[]
###EPOCH57###
[]
###EPOCH58###
[]
###EPOCH59###
[]
###EPOCH0###
[]
###EPOCH1###
[]
###EPOCH2###
[]
###EPOCH3###
[]
###EPOCH4###
[]
###EPOCH5###
[]
###EPOCH6###
[]
###EPOCH7###
[]
###EPOCH8###
[]
###EPOCH9###
[]
###EPOCH10###
[]
###EPOCH11###
[]
###EPOCH12###
[]
###EPOCH13###
[]
###EPOCH14###
[]
###EPOCH15###
[]
###EPOCH16###
[]
###EPOCH17###
[]
###EPOCH18###
[]
###EPOCH19###
[]
###EPOCH20###
[]
###EPOCH21###
[]
###EPOCH22###
[]
###EPOCH23###
[]
###EPOCH24###
[]
###EPOCH25###
[]
###EPOCH26###
[]
###EPOCH27###
[]
###EPOCH28###
[]
###EPOCH29###
[]
###EPOCH30###
[]
###EPOCH31###
[]
###EPOCH32###
[]
###EPOCH33###
[]
###EPOCH34###
[]
###EPOCH35###
[]
###EPOCH36###
[]
###EPOCH37###
[]
###EPOCH38###
[]
###EPOCH39###
[]
###EPOCH40###
[]
###EPOCH41###
[]
###EPOCH42###
[]
###EPOCH43###
[]
###EPOCH44###
[]
###EPOCH45###
[]
###EPOCH46###
[]
###EPOCH47###
[]
###EPOCH48###
[]
###EPOCH49###
[]
###EPOCH50###
[]
###EPOCH51###
[]
###EPOCH52###
[]
###EPOCH53###
[]
###EPOCH54###
[]
###EPOCH55###
[]
###EPOCH56###
[]
###EPOCH57###
[]
###EPOCH58###
[]
###EPOCH59###
[]
###EPOCH0###
[]
###EPOCH1###
[]
###EPOCH2###
[]
###EPOCH3###
[]
###EPOCH4###
[]
###EPOCH5###
[]
###EPOCH6###
[]
###EPOCH7###
[]
###EPOCH8###
[]
###EPOCH9###
[]
###EPOCH10###
[]
###EPOCH11###
[]
###EPOCH12###
[]
###EPOCH13###
[]
###EPOCH14###
[]
###EPOCH15###
[]
###EPOCH16###
[]
###EPOCH17###
[]
###EPOCH18###
[]
###EPOCH19###
[]
###EPOCH20###
[]
###EPOCH21###
[]
###EPOCH22###
[]
###EPOCH23###
[]
###EPOCH24###
[]
###EPOCH25###
[]
###EPOCH26###
[]
###EPOCH27###
[]
###EPOCH28###
[]
###EPOCH29###
[]
###EPOCH30###
[]
###EPOCH31###
[]
###EPOCH32###
[]
###EPOCH33###
[]
###EPOCH34###
[]
###EPOCH35###
[]
###EPOCH36###
[]
###EPOCH37###
[]
###EPOCH38###
[]
###EPOCH39###
[]
###EPOCH40###
[]
###EPOCH41###
[]
###EPOCH42###
[]
###EPOCH43###
[]
###EPOCH44###
[]
###EPOCH45###
[]
###EPOCH46###
[]
###EPOCH47###
[]
###EPOCH48###
[]
###EPOCH49###
[]
###EPOCH50###
[]
###EPOCH51###
[]
###EPOCH52###
[]
###EPOCH53###
[]
###EPOCH54###
[]
###EPOCH55###
[]
###EPOCH56###
[]
###EPOCH57###
[]
###EPOCH58###
[]
###EPOCH0###
[]
###EPOCH1###
[]
###EPOCH2###
[]
###EPOCH3###
[]
###EPOCH4###
[]
###EPOCH5###
[]
###EPOCH6###
[]
###EPOCH7###
[]
###EPOCH8###
[]
###EPOCH9###
[]
###EPOCH10###
[]
###EPOCH11###
[]
###EPOCH12###
[]
###EPOCH13###
[]
###EPOCH14###
[]
###EPOCH15###
[]
###EPOCH16###
[]
###EPOCH17###
[]
###EPOCH18###
[]
###EPOCH19###
[]
###EPOCH20###
[]
###EPOCH21###
[]
###EPOCH22###
[]
###EPOCH23###
[]
###EPOCH24###
[]
###EPOCH25###
[]
###EPOCH26###
[]
###EPOCH27###
[]
###EPOCH28###
[]
###EPOCH29###
[]
###EPOCH30###
[]
###EPOCH31###
[]
###EPOCH32###
[]
###EPOCH33###
[]
###EPOCH34###
[]
###EPOCH35###
[]
###EPOCH36###
[]
###EPOCH37###
[]
###EPOCH38###
[]
###EPOCH39###
[]
###EPOCH40###
[]
###EPOCH41###
[]
###EPOCH42###
[]
###EPOCH43###
[]
###EPOCH44###
[]
###EPOCH45###
[]
###EPOCH46###
[]
###EPOCH47###
[]
###EPOCH48###
[]
###EPOCH49###
[]
###EPOCH50###
[]
###EPOCH51###
[]
###EPOCH52###
[]
###EPOCH53###
[]
###EPOCH54###
[]
###EPOCH55###
[]
###EPOCH56###
[]
###EPOCH57###
[]
###EPOCH58###
[]
###EPOCH59###
[]
###EPOCH0###
[]
###EPOCH1###
[]
###EPOCH2###
[]
###EPOCH3###
[]
###EPOCH4###
[]
###EPOCH5###
[]
###EPOCH6###
[]
###EPOCH7###
[]
###EPOCH8###
[]
###EPOCH9###
[]
###EPOCH10###
[]
###EPOCH11###
[]
###EPOCH12###
[]
###EPOCH13###
[]
###EPOCH14###
[]
###EPOCH15###
[]
###EPOCH16###
[]
###EPOCH17###
[]
###EPOCH18###
[]
###EPOCH19###
[]
###EPOCH20###
[]
###EPOCH21###
[]
###EPOCH22###
[]
###EPOCH23###
[]
###EPOCH24###
[]
###EPOCH25###
[]
###EPOCH26###
[]
###EPOCH27###
[]
###EPOCH28###
[]
###EPOCH29###
[]
###EPOCH0###
[]
###EPOCH1###
[]
###EPOCH2###
[]
###EPOCH3###
[]
###EPOCH4###
[]
###EPOCH5###
[]
###EPOCH6###
[]
###EPOCH7###
[]
###EPOCH8###
[]
###EPOCH9###
[]
###EPOCH10###
[]
###EPOCH11###
[]
###EPOCH12###
[]
###EPOCH13###
[]
###EPOCH14###
[]
###EPOCH15###
[]
###EPOCH16###
[]
###EPOCH17###
[]
###EPOCH18###
[]
###EPOCH19###
[]
###EPOCH20###
[]
###EPOCH21###
[]
###EPOCH22###
[]
###EPOCH23###
[]
###EPOCH24###
[]
###EPOCH25###
[]
###EPOCH26###
[]
###EPOCH27###
[]
###EPOCH28###
[]
###EPOCH29###
[]
###EPOCH0###
[]
###EPOCH1###
[]
###EPOCH2###
[]
###EPOCH3###
[]
###EPOCH4###
[]
###EPOCH5###
[]
###EPOCH6###
[]
###EPOCH7###
[]
###EPOCH8###
[]
###EPOCH9###
[]
###EPOCH10###
[]
###EPOCH11###
[]
###EPOCH12###
[]
###EPOCH13###
[]
###EPOCH14###
[]
###EPOCH15###
[]
###EPOCH16###
[]
###EPOCH17###
[]
###EPOCH18###
[]
###EPOCH19###
[]
###EPOCH20###
[]
###EPOCH21###
[]
###EPOCH22###
[]
###EPOCH23###
[]
###EPOCH24###
[]
###EPOCH25###
[]
###EPOCH26###
[]
###EPOCH27###
[]
###EPOCH28###
[]
###EPOCH29###
[]
###EPOCH0###
[]
###EPOCH1###
[]
###EPOCH2###
[]
###EPOCH3###
[]
###EPOCH4###
[]
###EPOCH5###
[]
###EPOCH6###
[]
###EPOCH7###
[]
###EPOCH8###
[]
###EPOCH9###
[]
###EPOCH10###
[]
###EPOCH11###
[]
###EPOCH12###
[]
###EPOCH13###
[]
###EPOCH14###
[]
###EPOCH15###
[]
###EPOCH16###
[]
###EPOCH17###
[]
###EPOCH18###
[]
###EPOCH19###
[]
###EPOCH20###
[]
###EPOCH21###
[]
###EPOCH22###
[]
###EPOCH23###
[]
###EPOCH24###
[]
###EPOCH25###
[]
###EPOCH26###
[]
###EPOCH27###
[]
###EPOCH28###
[]
###EPOCH29###
[]
###EPOCH0###
[]
###EPOCH1###
[]
###EPOCH2###
[]
###EPOCH3###
[]
###EPOCH4###
[]
###EPOCH5###
[]
###EPOCH6###
[]
###EPOCH7###
[]
###EPOCH8###
[]
###EPOCH9###
[]
###EPOCH10###
[]
###EPOCH11###
[]
###EPOCH12###
[]
###EPOCH13###
[]
###EPOCH14###
[]
###EPOCH15###
[]
###EPOCH16###
[]
###EPOCH17###
[]
###EPOCH18###
[]
###EPOCH19###
[]
###EPOCH20###
[]
###EPOCH21###
[]
###EPOCH22###
[]
###EPOCH23###
[]
###EPOCH24###
[]
###EPOCH25###
[]
###EPOCH26###
[]
###EPOCH27###
[]
###EPOCH28###
[]
###EPOCH29###
[]
###EPOCH0###
[]
###EPOCH1###
[]
###EPOCH2###
[]
###EPOCH3###
[]
###EPOCH4###
[]
###EPOCH5###
[]
###EPOCH6###
[]
###EPOCH7###
[]
###EPOCH8###
[]
###EPOCH9###
[]
###EPOCH10###
[]
###EPOCH11###
[]
###EPOCH12###
[]
###EPOCH13###
[]
###EPOCH14###
[]
###EPOCH15###
[]
###EPOCH16###
[]
###EPOCH17###
[]
###EPOCH18###
[]
###EPOCH19###
[]
###EPOCH20###
[]
###EPOCH21###
[]
###EPOCH22###
[]
###EPOCH23###
[]
###EPOCH24###
[]
###EPOCH25###
[]
###EPOCH26###
[]
###EPOCH27###
[]
###EPOCH28###
[]
###EPOCH29###
[]
